hello, Rust library here!
x--------------x
[[0.02040816326530612, 0.04081632653061224, 0.061224489795918366, 0.08163265306122448, 0.1020408163265306, ..., 0.9183673469387754, 0.9387755102040816, 0.9591836734693877, 0.9795918367346939, 0.9999999999999999],
 [0.02040816326530612, 0.04081632653061224, 0.061224489795918366, 0.08163265306122448, 0.1020408163265306, ..., 0.9183673469387754, 0.9387755102040816, 0.9591836734693877, 0.9795918367346939, 0.9999999999999999],
 [0.02040816326530612, 0.04081632653061224, 0.061224489795918366, 0.08163265306122448, 0.1020408163265306, ..., 0.9183673469387754, 0.9387755102040816, 0.9591836734693877, 0.9795918367346939, 0.9999999999999999],
 [0.02040816326530612, 0.04081632653061224, 0.061224489795918366, 0.08163265306122448, 0.1020408163265306, ..., 0.9183673469387754, 0.9387755102040816, 0.9591836734693877, 0.9795918367346939, 0.9999999999999999],
 [0.02040816326530612, 0.04081632653061224, 0.061224489795918366, 0.08163265306122448, 0.1020408163265306, ..., 0.9183673469387754, 0.9387755102040816, 0.9591836734693877, 0.9795918367346939, 0.9999999999999999],
 ...,
 [0.02040816326530612, 0.04081632653061224, 0.061224489795918366, 0.08163265306122448, 0.1020408163265306, ..., 0.9183673469387754, 0.9387755102040816, 0.9591836734693877, 0.9795918367346939, 0.9999999999999999],
 [0.02040816326530612, 0.04081632653061224, 0.061224489795918366, 0.08163265306122448, 0.1020408163265306, ..., 0.9183673469387754, 0.9387755102040816, 0.9591836734693877, 0.9795918367346939, 0.9999999999999999],
 [0.02040816326530612, 0.04081632653061224, 0.061224489795918366, 0.08163265306122448, 0.1020408163265306, ..., 0.9183673469387754, 0.9387755102040816, 0.9591836734693877, 0.9795918367346939, 0.9999999999999999],
 [0.02040816326530612, 0.04081632653061224, 0.061224489795918366, 0.08163265306122448, 0.1020408163265306, ..., 0.9183673469387754, 0.9387755102040816, 0.9591836734693877, 0.9795918367346939, 0.9999999999999999],
 [0.02040816326530612, 0.04081632653061224, 0.061224489795918366, 0.08163265306122448, 0.1020408163265306, ..., 0.9183673469387754, 0.9387755102040816, 0.9591836734693877, 0.9795918367346939, 0.9999999999999999]]
x--------------x
[[0.02040816326530612, 0.02040816326530612, 0.02040816326530612, 0.02040816326530612, 0.02040816326530612, ..., 0.02040816326530612, 0.02040816326530612, 0.02040816326530612, 0.02040816326530612, 0.02040816326530612],
 [0.04081632653061224, 0.04081632653061224, 0.04081632653061224, 0.04081632653061224, 0.04081632653061224, ..., 0.04081632653061224, 0.04081632653061224, 0.04081632653061224, 0.04081632653061224, 0.04081632653061224],
 [0.061224489795918366, 0.061224489795918366, 0.061224489795918366, 0.061224489795918366, 0.061224489795918366, ..., 0.061224489795918366, 0.061224489795918366, 0.061224489795918366, 0.061224489795918366, 0.061224489795918366],
 [0.08163265306122448, 0.08163265306122448, 0.08163265306122448, 0.08163265306122448, 0.08163265306122448, ..., 0.08163265306122448, 0.08163265306122448, 0.08163265306122448, 0.08163265306122448, 0.08163265306122448],
 [0.1020408163265306, 0.1020408163265306, 0.1020408163265306, 0.1020408163265306, 0.1020408163265306, ..., 0.1020408163265306, 0.1020408163265306, 0.1020408163265306, 0.1020408163265306, 0.1020408163265306],
 ...,
 [0.9183673469387754, 0.9183673469387754, 0.9183673469387754, 0.9183673469387754, 0.9183673469387754, ..., 0.9183673469387754, 0.9183673469387754, 0.9183673469387754, 0.9183673469387754, 0.9183673469387754],
 [0.9387755102040816, 0.9387755102040816, 0.9387755102040816, 0.9387755102040816, 0.9387755102040816, ..., 0.9387755102040816, 0.9387755102040816, 0.9387755102040816, 0.9387755102040816, 0.9387755102040816],
 [0.9591836734693877, 0.9591836734693877, 0.9591836734693877, 0.9591836734693877, 0.9591836734693877, ..., 0.9591836734693877, 0.9591836734693877, 0.9591836734693877, 0.9591836734693877, 0.9591836734693877],
 [0.9795918367346939, 0.9795918367346939, 0.9795918367346939, 0.9795918367346939, 0.9795918367346939, ..., 0.9795918367346939, 0.9795918367346939, 0.9795918367346939, 0.9795918367346939, 0.9795918367346939],
 [0.9999999999999999, 0.9999999999999999, 0.9999999999999999, 0.9999999999999999, 0.9999999999999999, ..., 0.9999999999999999, 0.9999999999999999, 0.9999999999999999, 0.9999999999999999, 0.9999999999999999]]
x--------------x
[[0.0028842841295677584, 0.005143828567340432, 0.007025592705265143, 0.008645715027388182, 0.010067764606879298, ..., 0.010067764606879295, 0.00864571502738818, 0.007025592705265143, 0.005143828567340431, 0.0028842841295677593],
 [0.005143828567340432, 0.009415958050938655, 0.013063347842741789, 0.016240023413818118, 0.019044963301379027, ..., 0.019044963301379024, 0.01624002341381811, 0.01306334784274179, 0.009415958050938655, 0.005143828567340434],
 [0.007025592705265145, 0.013063347842741789, 0.018322337817355084, 0.022956588100173293, 0.02707765522062476, ..., 0.02707765522062476, 0.022956588100173293, 0.018322337817355084, 0.013063347842741792, 0.007025592705265145],
 [0.008645715027388182, 0.01624002341381811, 0.022956588100173293, 0.02893685656530505, 0.03429238533864173, ..., 0.03429238533864173, 0.028936856565305057, 0.022956588100173297, 0.01624002341381811, 0.008645715027388179],
 [0.010067764606879297, 0.019044963301379017, 0.027077655220624747, 0.03429238533864172, 0.04079510210245799, ..., 0.040795102102457986, 0.03429238533864172, 0.027077655220624747, 0.019044963301379017, 0.010067764606879297],
 ...,
 [0.010067764606879309, 0.01904496330137905, 0.02707765522062479, 0.034292385338641755, 0.04079510210245804, ..., 0.040795102102458056, 0.03429238533864176, 0.02707765522062479, 0.019044963301379045, 0.010067764606879309],
 [0.00864571502738819, 0.01624002341381813, 0.02295658810017331, 0.028936856565305074, 0.03429238533864177, ..., 0.034292385338641755, 0.02893685656530508, 0.022956588100173314, 0.016240023413818132, 0.00864571502738819],
 [0.007025592705265147, 0.013063347842741796, 0.018322337817355087, 0.022956588100173304, 0.027077655220624792, ..., 0.027077655220624785, 0.02295658810017332, 0.0183223378173551, 0.013063347842741806, 0.007025592705265154],
 [0.005143828567340435, 0.009415958050938656, 0.013063347842741792, 0.016240023413818125, 0.019044963301379038, ..., 0.019044963301379045, 0.01624002341381813, 0.0130633478427418, 0.00941595805093866, 0.005143828567340436],
 [0.0028842841295677593, 0.005143828567340434, 0.0070255927052651455, 0.008645715027388187, 0.010067764606879302, ..., 0.01006776460687931, 0.008645715027388187, 0.007025592705265146, 0.005143828567340435, 0.0028842841295677606]]
hello, Rust library here!
x--------------x
[[0.1111111111111111, 0.2222222222222222, 0.3333333333333333, 0.4444444444444444, 0.5555555555555556, 0.6666666666666666, 0.7777777777777777, 0.8888888888888888, 1],
 [0.1111111111111111, 0.2222222222222222, 0.3333333333333333, 0.4444444444444444, 0.5555555555555556, 0.6666666666666666, 0.7777777777777777, 0.8888888888888888, 1],
 [0.1111111111111111, 0.2222222222222222, 0.3333333333333333, 0.4444444444444444, 0.5555555555555556, 0.6666666666666666, 0.7777777777777777, 0.8888888888888888, 1],
 [0.1111111111111111, 0.2222222222222222, 0.3333333333333333, 0.4444444444444444, 0.5555555555555556, 0.6666666666666666, 0.7777777777777777, 0.8888888888888888, 1],
 [0.1111111111111111, 0.2222222222222222, 0.3333333333333333, 0.4444444444444444, 0.5555555555555556, 0.6666666666666666, 0.7777777777777777, 0.8888888888888888, 1],
 [0.1111111111111111, 0.2222222222222222, 0.3333333333333333, 0.4444444444444444, 0.5555555555555556, 0.6666666666666666, 0.7777777777777777, 0.8888888888888888, 1],
 [0.1111111111111111, 0.2222222222222222, 0.3333333333333333, 0.4444444444444444, 0.5555555555555556, 0.6666666666666666, 0.7777777777777777, 0.8888888888888888, 1],
 [0.1111111111111111, 0.2222222222222222, 0.3333333333333333, 0.4444444444444444, 0.5555555555555556, 0.6666666666666666, 0.7777777777777777, 0.8888888888888888, 1],
 [0.1111111111111111, 0.2222222222222222, 0.3333333333333333, 0.4444444444444444, 0.5555555555555556, 0.6666666666666666, 0.7777777777777777, 0.8888888888888888, 1]]
x--------------x
[[0.1111111111111111, 0.1111111111111111, 0.1111111111111111, 0.1111111111111111, 0.1111111111111111, 0.1111111111111111, 0.1111111111111111, 0.1111111111111111, 0.1111111111111111],
 [0.2222222222222222, 0.2222222222222222, 0.2222222222222222, 0.2222222222222222, 0.2222222222222222, 0.2222222222222222, 0.2222222222222222, 0.2222222222222222, 0.2222222222222222],
 [0.3333333333333333, 0.3333333333333333, 0.3333333333333333, 0.3333333333333333, 0.3333333333333333, 0.3333333333333333, 0.3333333333333333, 0.3333333333333333, 0.3333333333333333],
 [0.4444444444444444, 0.4444444444444444, 0.4444444444444444, 0.4444444444444444, 0.4444444444444444, 0.4444444444444444, 0.4444444444444444, 0.4444444444444444, 0.4444444444444444],
 [0.5555555555555556, 0.5555555555555556, 0.5555555555555556, 0.5555555555555556, 0.5555555555555556, 0.5555555555555556, 0.5555555555555556, 0.5555555555555556, 0.5555555555555556],
 [0.6666666666666666, 0.6666666666666666, 0.6666666666666666, 0.6666666666666666, 0.6666666666666666, 0.6666666666666666, 0.6666666666666666, 0.6666666666666666, 0.6666666666666666],
 [0.7777777777777777, 0.7777777777777777, 0.7777777777777777, 0.7777777777777777, 0.7777777777777777, 0.7777777777777777, 0.7777777777777777, 0.7777777777777777, 0.7777777777777777],
 [0.8888888888888888, 0.8888888888888888, 0.8888888888888888, 0.8888888888888888, 0.8888888888888888, 0.8888888888888888, 0.8888888888888888, 0.8888888888888888, 0.8888888888888888],
 [1, 1, 1, 1, 1, 1, 1, 1, 1]]
x--------------x
[[0.04745591962511167, 0.07639332073170482, 0.09406345791116863, 0.103701576419152, 0.10677145062572552, 0.10370157641915202, 0.09406345791116863, 0.07639332073170482, 0.04745591962511167],
 [0.07639332073170482, 0.12701686835350198, 0.1591218974567806, 0.17693436010267688, 0.18264561262756102, 0.17693436010267688, 0.15912189745678063, 0.12701686835350195, 0.07639332073170482],
 [0.09406345791116863, 0.1591218974567806, 0.20143586642273792, 0.22523131687017672, 0.23290524264212778, 0.22523131687017678, 0.20143586642273795, 0.15912189745678063, 0.09406345791116863],
 [0.10370157641915201, 0.17693436010267682, 0.22523131687017675, 0.2526127612761274, 0.2614756871635597, 0.2526127612761276, 0.22523131687017678, 0.17693436010267688, 0.10370157641915204],
 [0.1067714506257255, 0.18264561262756104, 0.2329052426421278, 0.2614756871635597, 0.270734946422819, 0.2614756871635598, 0.23290524264212786, 0.18264561262756107, 0.10677145062572557],
 [0.10370157641915202, 0.17693436010267688, 0.22523131687017678, 0.25261276127612753, 0.26147568716355973, 0.25261276127612764, 0.2252313168701769, 0.1769343601026769, 0.10370157641915204],
 [0.09406345791116864, 0.15912189745678065, 0.20143586642273797, 0.22523131687017683, 0.23290524264212786, 0.22523131687017692, 0.20143586642273809, 0.1591218974567807, 0.09406345791116866],
 [0.07639332073170484, 0.127016868353502, 0.15912189745678065, 0.1769343601026769, 0.18264561262756107, 0.17693436010267694, 0.15912189745678068, 0.127016868353502, 0.07639332073170485],
 [0.047455919625111684, 0.07639332073170485, 0.09406345791116864, 0.10370157641915204, 0.10677145062572554, 0.10370157641915202, 0.09406345791116864, 0.07639332073170485, 0.047455919625111684]]
hello, Rust library here!
x--------------x
[[0.08333333333333333, 0.16666666666666666, 0.25, 0.3333333333333333, 0.41666666666666663, 0.5, 0.5833333333333333, 0.6666666666666666, 0.75, 0.8333333333333333, 0.9166666666666666, 1],
 [0.08333333333333333, 0.16666666666666666, 0.25, 0.3333333333333333, 0.41666666666666663, 0.5, 0.5833333333333333, 0.6666666666666666, 0.75, 0.8333333333333333, 0.9166666666666666, 1],
 [0.08333333333333333, 0.16666666666666666, 0.25, 0.3333333333333333, 0.41666666666666663, 0.5, 0.5833333333333333, 0.6666666666666666, 0.75, 0.8333333333333333, 0.9166666666666666, 1],
 [0.08333333333333333, 0.16666666666666666, 0.25, 0.3333333333333333, 0.41666666666666663, 0.5, 0.5833333333333333, 0.6666666666666666, 0.75, 0.8333333333333333, 0.9166666666666666, 1],
 [0.08333333333333333, 0.16666666666666666, 0.25, 0.3333333333333333, 0.41666666666666663, 0.5, 0.5833333333333333, 0.6666666666666666, 0.75, 0.8333333333333333, 0.9166666666666666, 1],
 [0.08333333333333333, 0.16666666666666666, 0.25, 0.3333333333333333, 0.41666666666666663, 0.5, 0.5833333333333333, 0.6666666666666666, 0.75, 0.8333333333333333, 0.9166666666666666, 1],
 [0.08333333333333333, 0.16666666666666666, 0.25, 0.3333333333333333, 0.41666666666666663, 0.5, 0.5833333333333333, 0.6666666666666666, 0.75, 0.8333333333333333, 0.9166666666666666, 1],
 [0.08333333333333333, 0.16666666666666666, 0.25, 0.3333333333333333, 0.41666666666666663, 0.5, 0.5833333333333333, 0.6666666666666666, 0.75, 0.8333333333333333, 0.9166666666666666, 1],
 [0.08333333333333333, 0.16666666666666666, 0.25, 0.3333333333333333, 0.41666666666666663, 0.5, 0.5833333333333333, 0.6666666666666666, 0.75, 0.8333333333333333, 0.9166666666666666, 1],
 [0.08333333333333333, 0.16666666666666666, 0.25, 0.3333333333333333, 0.41666666666666663, 0.5, 0.5833333333333333, 0.6666666666666666, 0.75, 0.8333333333333333, 0.9166666666666666, 1],
 [0.08333333333333333, 0.16666666666666666, 0.25, 0.3333333333333333, 0.41666666666666663, 0.5, 0.5833333333333333, 0.6666666666666666, 0.75, 0.8333333333333333, 0.9166666666666666, 1],
 [0.08333333333333333, 0.16666666666666666, 0.25, 0.3333333333333333, 0.41666666666666663, 0.5, 0.5833333333333333, 0.6666666666666666, 0.75, 0.8333333333333333, 0.9166666666666666, 1]]
x--------------x
[[0.08333333333333333, 0.08333333333333333, 0.08333333333333333, 0.08333333333333333, 0.08333333333333333, 0.08333333333333333, 0.08333333333333333, 0.08333333333333333, 0.08333333333333333, 0.08333333333333333, 0.08333333333333333, 0.08333333333333333],
 [0.16666666666666666, 0.16666666666666666, 0.16666666666666666, 0.16666666666666666, 0.16666666666666666, 0.16666666666666666, 0.16666666666666666, 0.16666666666666666, 0.16666666666666666, 0.16666666666666666, 0.16666666666666666, 0.16666666666666666],
 [0.25, 0.25, 0.25, 0.25, 0.25, 0.25, 0.25, 0.25, 0.25, 0.25, 0.25, 0.25],
 [0.3333333333333333, 0.3333333333333333, 0.3333333333333333, 0.3333333333333333, 0.3333333333333333, 0.3333333333333333, 0.3333333333333333, 0.3333333333333333, 0.3333333333333333, 0.3333333333333333, 0.3333333333333333, 0.3333333333333333],
 [0.41666666666666663, 0.41666666666666663, 0.41666666666666663, 0.41666666666666663, 0.41666666666666663, 0.41666666666666663, 0.41666666666666663, 0.41666666666666663, 0.41666666666666663, 0.41666666666666663, 0.41666666666666663, 0.41666666666666663],
 [0.5, 0.5, 0.5, 0.5, 0.5, 0.5, 0.5, 0.5, 0.5, 0.5, 0.5, 0.5],
 [0.5833333333333333, 0.5833333333333333, 0.5833333333333333, 0.5833333333333333, 0.5833333333333333, 0.5833333333333333, 0.5833333333333333, 0.5833333333333333, 0.5833333333333333, 0.5833333333333333, 0.5833333333333333, 0.5833333333333333],
 [0.6666666666666666, 0.6666666666666666, 0.6666666666666666, 0.6666666666666666, 0.6666666666666666, 0.6666666666666666, 0.6666666666666666, 0.6666666666666666, 0.6666666666666666, 0.6666666666666666, 0.6666666666666666, 0.6666666666666666],
 [0.75, 0.75, 0.75, 0.75, 0.75, 0.75, 0.75, 0.75, 0.75, 0.75, 0.75, 0.75],
 [0.8333333333333333, 0.8333333333333333, 0.8333333333333333, 0.8333333333333333, 0.8333333333333333, 0.8333333333333333, 0.8333333333333333, 0.8333333333333333, 0.8333333333333333, 0.8333333333333333, 0.8333333333333333, 0.8333333333333333],
 [0.9166666666666666, 0.9166666666666666, 0.9166666666666666, 0.9166666666666666, 0.9166666666666666, 0.9166666666666666, 0.9166666666666666, 0.9166666666666666, 0.9166666666666666, 0.9166666666666666, 0.9166666666666666, 0.9166666666666666],
 [1, 1, 1, 1, 1, 1, 1, 1, 1, 1, 1, 1]]
x--------------x
[[0.030195272513051968, 0.04997387835943727, 0.06344013486515657, 0.07249032734154524, 0.07810368900295754, 0.08079669791785146, 0.08079669791785146, 0.07810368900295755, 0.07249032734154524, 0.06344013486515655, 0.04997387835943724, 0.030195272513051968],
 [0.04997387835943728, 0.08542677272620722, 0.11046300042631041, 0.12758415216473354, 0.13829439741910013, 0.1434530714172635, 0.14345307141726352, 0.13829439741910016, 0.12758415216473354, 0.1104630004263104, 0.08542677272620715, 0.04997387835943726],
 [0.06344013486515657, 0.11046300042631042, 0.144567608615811, 0.16825555013864496, 0.18320334375811265, 0.19043478558150556, 0.19043478558150562, 0.18320334375811267, 0.16825555013864496, 0.14456760861581103, 0.11046300042631042, 0.06344013486515657],
 [0.07249032734154524, 0.1275841521647335, 0.16825555013864493, 0.19683376268258923, 0.21499530855986682, 0.22381460823580723, 0.22381460823580723, 0.21499530855986684, 0.19683376268258923, 0.16825555013864496, 0.12758415216473354, 0.07249032734154524],
 [0.07810368900295757, 0.13829439741910018, 0.18320334375811265, 0.21499530855986682, 0.23529618622962475, 0.245180397232716, 0.24518039723271595, 0.23529618622962475, 0.21499530855986682, 0.1832033437581127, 0.13829439741910016, 0.07810368900295753],
 [0.08079669791785149, 0.14345307141726354, 0.19043478558150562, 0.22381460823580726, 0.24518039723271598, 0.2555970638993826, 0.2555970638993825, 0.24518039723271587, 0.22381460823580723, 0.19043478558150562, 0.14345307141726352, 0.08079669791785145],
 [0.08079669791785146, 0.1434530714172635, 0.19043478558150564, 0.22381460823580732, 0.24518039723271595, 0.2555970638993826, 0.25559706389938264, 0.24518039723271595, 0.22381460823580723, 0.19043478558150556, 0.14345307141726352, 0.08079669791785148],
 [0.07810368900295754, 0.13829439741910013, 0.18320334375811273, 0.2149953085598668, 0.2352961862296247, 0.24518039723271595, 0.245180397232716, 0.2352961862296247, 0.2149953085598668, 0.1832033437581127, 0.13829439741910016, 0.07810368900295755],
 [0.07249032734154523, 0.1275841521647335, 0.168255550138645, 0.1968337626825892, 0.2149953085598668, 0.22381460823580723, 0.22381460823580732, 0.21499530855986682, 0.19683376268258926, 0.168255550138645, 0.1275841521647335, 0.07249032734154523],
 [0.06344013486515654, 0.11046300042631038, 0.144567608615811, 0.16825555013864496, 0.1832033437581127, 0.19043478558150564, 0.19043478558150567, 0.1832033437581127, 0.168255550138645, 0.14456760861581103, 0.1104630004263104, 0.06344013486515655],
 [0.04997387835943724, 0.08542677272620715, 0.11046300042631041, 0.12758415216473354, 0.13829439741910018, 0.14345307141726354, 0.14345307141726352, 0.13829439741910016, 0.1275841521647335, 0.11046300042631041, 0.08542677272620715, 0.04997387835943725],
 [0.03019527251305195, 0.049973878359437236, 0.06344013486515655, 0.07249032734154523, 0.07810368900295755, 0.08079669791785146, 0.08079669791785148, 0.07810368900295755, 0.07249032734154523, 0.06344013486515654, 0.04997387835943724, 0.030195272513051957]]
hello, Rust library here!
x--------------x
[[0.08333333333333333, 0.16666666666666666, 0.25, 0.3333333333333333, 0.41666666666666663, 0.5, 0.5833333333333333, 0.6666666666666666, 0.75, 0.8333333333333333, 0.9166666666666666, 1],
 [0.08333333333333333, 0.16666666666666666, 0.25, 0.3333333333333333, 0.41666666666666663, 0.5, 0.5833333333333333, 0.6666666666666666, 0.75, 0.8333333333333333, 0.9166666666666666, 1],
 [0.08333333333333333, 0.16666666666666666, 0.25, 0.3333333333333333, 0.41666666666666663, 0.5, 0.5833333333333333, 0.6666666666666666, 0.75, 0.8333333333333333, 0.9166666666666666, 1],
 [0.08333333333333333, 0.16666666666666666, 0.25, 0.3333333333333333, 0.41666666666666663, 0.5, 0.5833333333333333, 0.6666666666666666, 0.75, 0.8333333333333333, 0.9166666666666666, 1],
 [0.08333333333333333, 0.16666666666666666, 0.25, 0.3333333333333333, 0.41666666666666663, 0.5, 0.5833333333333333, 0.6666666666666666, 0.75, 0.8333333333333333, 0.9166666666666666, 1],
 [0.08333333333333333, 0.16666666666666666, 0.25, 0.3333333333333333, 0.41666666666666663, 0.5, 0.5833333333333333, 0.6666666666666666, 0.75, 0.8333333333333333, 0.9166666666666666, 1],
 [0.08333333333333333, 0.16666666666666666, 0.25, 0.3333333333333333, 0.41666666666666663, 0.5, 0.5833333333333333, 0.6666666666666666, 0.75, 0.8333333333333333, 0.9166666666666666, 1],
 [0.08333333333333333, 0.16666666666666666, 0.25, 0.3333333333333333, 0.41666666666666663, 0.5, 0.5833333333333333, 0.6666666666666666, 0.75, 0.8333333333333333, 0.9166666666666666, 1],
 [0.08333333333333333, 0.16666666666666666, 0.25, 0.3333333333333333, 0.41666666666666663, 0.5, 0.5833333333333333, 0.6666666666666666, 0.75, 0.8333333333333333, 0.9166666666666666, 1],
 [0.08333333333333333, 0.16666666666666666, 0.25, 0.3333333333333333, 0.41666666666666663, 0.5, 0.5833333333333333, 0.6666666666666666, 0.75, 0.8333333333333333, 0.9166666666666666, 1],
 [0.08333333333333333, 0.16666666666666666, 0.25, 0.3333333333333333, 0.41666666666666663, 0.5, 0.5833333333333333, 0.6666666666666666, 0.75, 0.8333333333333333, 0.9166666666666666, 1],
 [0.08333333333333333, 0.16666666666666666, 0.25, 0.3333333333333333, 0.41666666666666663, 0.5, 0.5833333333333333, 0.6666666666666666, 0.75, 0.8333333333333333, 0.9166666666666666, 1]]
x--------------x
[[0.08333333333333333, 0.08333333333333333, 0.08333333333333333, 0.08333333333333333, 0.08333333333333333, 0.08333333333333333, 0.08333333333333333, 0.08333333333333333, 0.08333333333333333, 0.08333333333333333, 0.08333333333333333, 0.08333333333333333],
 [0.16666666666666666, 0.16666666666666666, 0.16666666666666666, 0.16666666666666666, 0.16666666666666666, 0.16666666666666666, 0.16666666666666666, 0.16666666666666666, 0.16666666666666666, 0.16666666666666666, 0.16666666666666666, 0.16666666666666666],
 [0.25, 0.25, 0.25, 0.25, 0.25, 0.25, 0.25, 0.25, 0.25, 0.25, 0.25, 0.25],
 [0.3333333333333333, 0.3333333333333333, 0.3333333333333333, 0.3333333333333333, 0.3333333333333333, 0.3333333333333333, 0.3333333333333333, 0.3333333333333333, 0.3333333333333333, 0.3333333333333333, 0.3333333333333333, 0.3333333333333333],
 [0.41666666666666663, 0.41666666666666663, 0.41666666666666663, 0.41666666666666663, 0.41666666666666663, 0.41666666666666663, 0.41666666666666663, 0.41666666666666663, 0.41666666666666663, 0.41666666666666663, 0.41666666666666663, 0.41666666666666663],
 [0.5, 0.5, 0.5, 0.5, 0.5, 0.5, 0.5, 0.5, 0.5, 0.5, 0.5, 0.5],
 [0.5833333333333333, 0.5833333333333333, 0.5833333333333333, 0.5833333333333333, 0.5833333333333333, 0.5833333333333333, 0.5833333333333333, 0.5833333333333333, 0.5833333333333333, 0.5833333333333333, 0.5833333333333333, 0.5833333333333333],
 [0.6666666666666666, 0.6666666666666666, 0.6666666666666666, 0.6666666666666666, 0.6666666666666666, 0.6666666666666666, 0.6666666666666666, 0.6666666666666666, 0.6666666666666666, 0.6666666666666666, 0.6666666666666666, 0.6666666666666666],
 [0.75, 0.75, 0.75, 0.75, 0.75, 0.75, 0.75, 0.75, 0.75, 0.75, 0.75, 0.75],
 [0.8333333333333333, 0.8333333333333333, 0.8333333333333333, 0.8333333333333333, 0.8333333333333333, 0.8333333333333333, 0.8333333333333333, 0.8333333333333333, 0.8333333333333333, 0.8333333333333333, 0.8333333333333333, 0.8333333333333333],
 [0.9166666666666666, 0.9166666666666666, 0.9166666666666666, 0.9166666666666666, 0.9166666666666666, 0.9166666666666666, 0.9166666666666666, 0.9166666666666666, 0.9166666666666666, 0.9166666666666666, 0.9166666666666666, 0.9166666666666666],
 [1, 1, 1, 1, 1, 1, 1, 1, 1, 1, 1, 1]]
x--------------x
[[0.030195272513051968, 0.04997387835943727, 0.06344013486515657, 0.07249032734154524, 0.07810368900295754, 0.08079669791785146, 0.08079669791785146, 0.07810368900295755, 0.07249032734154524, 0.06344013486515655, 0.04997387835943724, 0.030195272513051968],
 [0.04997387835943728, 0.08542677272620722, 0.11046300042631041, 0.12758415216473354, 0.13829439741910013, 0.1434530714172635, 0.14345307141726352, 0.13829439741910016, 0.12758415216473354, 0.1104630004263104, 0.08542677272620715, 0.04997387835943726],
 [0.06344013486515657, 0.11046300042631042, 0.144567608615811, 0.16825555013864496, 0.18320334375811265, 0.19043478558150556, 0.19043478558150562, 0.18320334375811267, 0.16825555013864496, 0.14456760861581103, 0.11046300042631042, 0.06344013486515657],
 [0.07249032734154524, 0.1275841521647335, 0.16825555013864493, 0.19683376268258923, 0.21499530855986682, 0.22381460823580723, 0.22381460823580723, 0.21499530855986684, 0.19683376268258923, 0.16825555013864496, 0.12758415216473354, 0.07249032734154524],
 [0.07810368900295757, 0.13829439741910018, 0.18320334375811265, 0.21499530855986682, 0.23529618622962475, 0.245180397232716, 0.24518039723271595, 0.23529618622962475, 0.21499530855986682, 0.1832033437581127, 0.13829439741910016, 0.07810368900295753],
 [0.08079669791785149, 0.14345307141726354, 0.19043478558150562, 0.22381460823580726, 0.24518039723271598, 0.2555970638993826, 0.2555970638993825, 0.24518039723271587, 0.22381460823580723, 0.19043478558150562, 0.14345307141726352, 0.08079669791785145],
 [0.08079669791785146, 0.1434530714172635, 0.19043478558150564, 0.22381460823580732, 0.24518039723271595, 0.2555970638993826, 0.25559706389938264, 0.24518039723271595, 0.22381460823580723, 0.19043478558150556, 0.14345307141726352, 0.08079669791785148],
 [0.07810368900295754, 0.13829439741910013, 0.18320334375811273, 0.2149953085598668, 0.2352961862296247, 0.24518039723271595, 0.245180397232716, 0.2352961862296247, 0.2149953085598668, 0.1832033437581127, 0.13829439741910016, 0.07810368900295755],
 [0.07249032734154523, 0.1275841521647335, 0.168255550138645, 0.1968337626825892, 0.2149953085598668, 0.22381460823580723, 0.22381460823580732, 0.21499530855986682, 0.19683376268258926, 0.168255550138645, 0.1275841521647335, 0.07249032734154523],
 [0.06344013486515654, 0.11046300042631038, 0.144567608615811, 0.16825555013864496, 0.1832033437581127, 0.19043478558150564, 0.19043478558150567, 0.1832033437581127, 0.168255550138645, 0.14456760861581103, 0.1104630004263104, 0.06344013486515655],
 [0.04997387835943724, 0.08542677272620715, 0.11046300042631041, 0.12758415216473354, 0.13829439741910018, 0.14345307141726354, 0.14345307141726352, 0.13829439741910016, 0.1275841521647335, 0.11046300042631041, 0.08542677272620715, 0.04997387835943725],
 [0.03019527251305195, 0.049973878359437236, 0.06344013486515655, 0.07249032734154523, 0.07810368900295755, 0.08079669791785146, 0.08079669791785148, 0.07810368900295755, 0.07249032734154523, 0.06344013486515654, 0.04997387835943724, 0.030195272513051957]]
