hello, Rust library here!
x--------------x
[[0.08333333333333333, 0.16666666666666666, 0.25, 0.3333333333333333, 0.41666666666666663, 0.5, 0.5833333333333333, 0.6666666666666666, 0.75, 0.8333333333333333, 0.9166666666666666, 1],
 [0.08333333333333333, 0.16666666666666666, 0.25, 0.3333333333333333, 0.41666666666666663, 0.5, 0.5833333333333333, 0.6666666666666666, 0.75, 0.8333333333333333, 0.9166666666666666, 1],
 [0.08333333333333333, 0.16666666666666666, 0.25, 0.3333333333333333, 0.41666666666666663, 0.5, 0.5833333333333333, 0.6666666666666666, 0.75, 0.8333333333333333, 0.9166666666666666, 1],
 [0.08333333333333333, 0.16666666666666666, 0.25, 0.3333333333333333, 0.41666666666666663, 0.5, 0.5833333333333333, 0.6666666666666666, 0.75, 0.8333333333333333, 0.9166666666666666, 1],
 [0.08333333333333333, 0.16666666666666666, 0.25, 0.3333333333333333, 0.41666666666666663, 0.5, 0.5833333333333333, 0.6666666666666666, 0.75, 0.8333333333333333, 0.9166666666666666, 1],
 [0.08333333333333333, 0.16666666666666666, 0.25, 0.3333333333333333, 0.41666666666666663, 0.5, 0.5833333333333333, 0.6666666666666666, 0.75, 0.8333333333333333, 0.9166666666666666, 1],
 [0.08333333333333333, 0.16666666666666666, 0.25, 0.3333333333333333, 0.41666666666666663, 0.5, 0.5833333333333333, 0.6666666666666666, 0.75, 0.8333333333333333, 0.9166666666666666, 1],
 [0.08333333333333333, 0.16666666666666666, 0.25, 0.3333333333333333, 0.41666666666666663, 0.5, 0.5833333333333333, 0.6666666666666666, 0.75, 0.8333333333333333, 0.9166666666666666, 1],
 [0.08333333333333333, 0.16666666666666666, 0.25, 0.3333333333333333, 0.41666666666666663, 0.5, 0.5833333333333333, 0.6666666666666666, 0.75, 0.8333333333333333, 0.9166666666666666, 1],
 [0.08333333333333333, 0.16666666666666666, 0.25, 0.3333333333333333, 0.41666666666666663, 0.5, 0.5833333333333333, 0.6666666666666666, 0.75, 0.8333333333333333, 0.9166666666666666, 1],
 [0.08333333333333333, 0.16666666666666666, 0.25, 0.3333333333333333, 0.41666666666666663, 0.5, 0.5833333333333333, 0.6666666666666666, 0.75, 0.8333333333333333, 0.9166666666666666, 1],
 [0.08333333333333333, 0.16666666666666666, 0.25, 0.3333333333333333, 0.41666666666666663, 0.5, 0.5833333333333333, 0.6666666666666666, 0.75, 0.8333333333333333, 0.9166666666666666, 1]]
x--------------x
[[0.08333333333333333, 0.08333333333333333, 0.08333333333333333, 0.08333333333333333, 0.08333333333333333, 0.08333333333333333, 0.08333333333333333, 0.08333333333333333, 0.08333333333333333, 0.08333333333333333, 0.08333333333333333, 0.08333333333333333],
 [0.16666666666666666, 0.16666666666666666, 0.16666666666666666, 0.16666666666666666, 0.16666666666666666, 0.16666666666666666, 0.16666666666666666, 0.16666666666666666, 0.16666666666666666, 0.16666666666666666, 0.16666666666666666, 0.16666666666666666],
 [0.25, 0.25, 0.25, 0.25, 0.25, 0.25, 0.25, 0.25, 0.25, 0.25, 0.25, 0.25],
 [0.3333333333333333, 0.3333333333333333, 0.3333333333333333, 0.3333333333333333, 0.3333333333333333, 0.3333333333333333, 0.3333333333333333, 0.3333333333333333, 0.3333333333333333, 0.3333333333333333, 0.3333333333333333, 0.3333333333333333],
 [0.41666666666666663, 0.41666666666666663, 0.41666666666666663, 0.41666666666666663, 0.41666666666666663, 0.41666666666666663, 0.41666666666666663, 0.41666666666666663, 0.41666666666666663, 0.41666666666666663, 0.41666666666666663, 0.41666666666666663],
 [0.5, 0.5, 0.5, 0.5, 0.5, 0.5, 0.5, 0.5, 0.5, 0.5, 0.5, 0.5],
 [0.5833333333333333, 0.5833333333333333, 0.5833333333333333, 0.5833333333333333, 0.5833333333333333, 0.5833333333333333, 0.5833333333333333, 0.5833333333333333, 0.5833333333333333, 0.5833333333333333, 0.5833333333333333, 0.5833333333333333],
 [0.6666666666666666, 0.6666666666666666, 0.6666666666666666, 0.6666666666666666, 0.6666666666666666, 0.6666666666666666, 0.6666666666666666, 0.6666666666666666, 0.6666666666666666, 0.6666666666666666, 0.6666666666666666, 0.6666666666666666],
 [0.75, 0.75, 0.75, 0.75, 0.75, 0.75, 0.75, 0.75, 0.75, 0.75, 0.75, 0.75],
 [0.8333333333333333, 0.8333333333333333, 0.8333333333333333, 0.8333333333333333, 0.8333333333333333, 0.8333333333333333, 0.8333333333333333, 0.8333333333333333, 0.8333333333333333, 0.8333333333333333, 0.8333333333333333, 0.8333333333333333],
 [0.9166666666666666, 0.9166666666666666, 0.9166666666666666, 0.9166666666666666, 0.9166666666666666, 0.9166666666666666, 0.9166666666666666, 0.9166666666666666, 0.9166666666666666, 0.9166666666666666, 0.9166666666666666, 0.9166666666666666],
 [1, 1, 1, 1, 1, 1, 1, 1, 1, 1, 1, 1]]
x--------------x
[[0.030195272513051968, 0.04997387835943727, 0.06344013486515657, 0.07249032734154524, 0.07810368900295754, 0.08079669791785146, 0.08079669791785146, 0.07810368900295755, 0.07249032734154524, 0.06344013486515655, 0.04997387835943724, 0.030195272513051968],
 [0.04997387835943728, 0.08542677272620722, 0.11046300042631041, 0.12758415216473354, 0.13829439741910013, 0.1434530714172635, 0.14345307141726352, 0.13829439741910016, 0.12758415216473354, 0.1104630004263104, 0.08542677272620715, 0.04997387835943726],
 [0.06344013486515657, 0.11046300042631042, 0.144567608615811, 0.16825555013864496, 0.18320334375811265, 0.19043478558150556, 0.19043478558150562, 0.18320334375811267, 0.16825555013864496, 0.14456760861581103, 0.11046300042631042, 0.06344013486515657],
 [0.07249032734154524, 0.1275841521647335, 0.16825555013864493, 0.19683376268258923, 0.21499530855986682, 0.22381460823580723, 0.22381460823580723, 0.21499530855986684, 0.19683376268258923, 0.16825555013864496, 0.12758415216473354, 0.07249032734154524],
 [0.07810368900295757, 0.13829439741910018, 0.18320334375811265, 0.21499530855986682, 0.23529618622962475, 0.245180397232716, 0.24518039723271595, 0.23529618622962475, 0.21499530855986682, 0.1832033437581127, 0.13829439741910016, 0.07810368900295753],
 [0.08079669791785149, 0.14345307141726354, 0.19043478558150562, 0.22381460823580726, 0.24518039723271598, 0.2555970638993826, 0.2555970638993825, 0.24518039723271587, 0.22381460823580723, 0.19043478558150562, 0.14345307141726352, 0.08079669791785145],
 [0.08079669791785146, 0.1434530714172635, 0.19043478558150564, 0.22381460823580732, 0.24518039723271595, 0.2555970638993826, 0.25559706389938264, 0.24518039723271595, 0.22381460823580723, 0.19043478558150556, 0.14345307141726352, 0.08079669791785148],
 [0.07810368900295754, 0.13829439741910013, 0.18320334375811273, 0.2149953085598668, 0.2352961862296247, 0.24518039723271595, 0.245180397232716, 0.2352961862296247, 0.2149953085598668, 0.1832033437581127, 0.13829439741910016, 0.07810368900295755],
 [0.07249032734154523, 0.1275841521647335, 0.168255550138645, 0.1968337626825892, 0.2149953085598668, 0.22381460823580723, 0.22381460823580732, 0.21499530855986682, 0.19683376268258926, 0.168255550138645, 0.1275841521647335, 0.07249032734154523],
 [0.06344013486515654, 0.11046300042631038, 0.144567608615811, 0.16825555013864496, 0.1832033437581127, 0.19043478558150564, 0.19043478558150567, 0.1832033437581127, 0.168255550138645, 0.14456760861581103, 0.1104630004263104, 0.06344013486515655],
 [0.04997387835943724, 0.08542677272620715, 0.11046300042631041, 0.12758415216473354, 0.13829439741910018, 0.14345307141726354, 0.14345307141726352, 0.13829439741910016, 0.1275841521647335, 0.11046300042631041, 0.08542677272620715, 0.04997387835943725],
 [0.03019527251305195, 0.049973878359437236, 0.06344013486515655, 0.07249032734154523, 0.07810368900295755, 0.08079669791785146, 0.08079669791785148, 0.07810368900295755, 0.07249032734154523, 0.06344013486515654, 0.04997387835943724, 0.030195272513051957]]
